epoch,IoU,loss,val_IoU,val_loss
0,0.10175543278455734,782.5068969726562,0.010078984312713146,919.513427734375
1,0.3309786021709442,647.4803466796875,0.0009658258059062064,919.5620727539062
2,0.7459609508514404,552.0746459960938,0.00031502029742114246,919.5848388671875
3,0.850843608379364,536.3463134765625,0.00032889883732423186,919.521484375
4,0.8863207101821899,531.1001586914062,0.0002487066085450351,919.4555053710938
5,0.8994933366775513,528.710205078125,0.00017684779595583677,919.0877075195312
6,0.9109918475151062,526.9217529296875,0.00013668232713826,919.1703491210938
7,0.9165818691253662,526.281494140625,0.00010823247430380434,919.35595703125
8,0.9221181869506836,525.42578125,7.032798021100461e-05,919.1878051757812
9,0.9264799356460571,524.5416259765625,6.112265691626817e-05,919.3279418945312
10,0.9319621324539185,524.1307373046875,5.1964743761345744e-05,919.3475952148438
11,0.9339358806610107,523.92919921875,5.2657815103884786e-05,919.1693725585938
12,0.9370797872543335,523.6968994140625,3.257281059632078e-05,919.2299194335938
13,0.9404118657112122,523.1264038085938,3.111399564659223e-05,918.97265625
14,0.9432752728462219,522.8267211914062,2.9499355150619522e-05,918.5635986328125
15,0.9435145854949951,522.78271484375,3.184298475389369e-05,916.1962280273438
16,0.9466866850852966,522.6083984375,0.000335397373419255,913.0806274414062
17,0.9485797882080078,522.3636474609375,0.011643328703939915,1043.6549072265625
18,0.9513294100761414,521.9871215820312,0.07154636085033417,1067.6844482421875
19,0.9517657160758972,521.8638305664062,0.3331889510154724,908.4127197265625
20,0.9538465142250061,521.6748657226562,0.4957226812839508,761.3931274414062
21,0.9526581168174744,521.9454956054688,0.6660759449005127,651.8102416992188
22,0.9568960666656494,521.2725830078125,0.8002188205718994,580.9669799804688
23,0.9580745697021484,521.13232421875,0.8806105256080627,542.765380859375
24,0.9577133059501648,521.27099609375,0.8843948841094971,541.3278198242188
25,0.9604267477989197,520.8754272460938,0.928658127784729,525.1747436523438
26,0.9571834206581116,521.4330444335938,0.9220970869064331,526.822021484375
27,0.961540162563324,520.7936401367188,0.9241847991943359,528.6885375976562
28,0.9621739983558655,520.731201171875,0.9196103811264038,532.1785278320312
29,0.9638990759849548,520.6699829101562,0.937701940536499,523.5137939453125
30,0.9638919234275818,520.7111206054688,0.9342796206474304,523.9803466796875
31,0.964409589767456,520.5132446289062,0.931742250919342,524.359619140625
32,0.9634278416633606,520.76123046875,0.9297106266021729,523.162841796875
33,0.9667161107063293,520.3526611328125,0.9370551109313965,522.3250122070312
34,0.9673256278038025,520.153076171875,0.9311847686767578,524.6901245117188
35,0.9697719812393188,520.149169921875,0.9399070143699646,525.4454345703125
36,0.9693846702575684,520.114501953125,0.937969446182251,525.53076171875
37,0.9703978300094604,520.0387573242188,0.9236151576042175,526.1703491210938
38,0.9712751507759094,520.0257568359375,0.9386878609657288,524.8168334960938
39,0.9715943932533264,520.0217895507812,0.9302314519882202,525.2850952148438
40,0.9714751243591309,519.8738403320312,0.9359287023544312,522.898681640625
41,0.9696839451789856,520.3425903320312,0.9393168687820435,523.50634765625
42,0.9728276133537292,519.796142578125,0.9376258254051208,526.2982177734375
